
6565846439134191711935407361755330157586
5104234679818492862700675860937135433556
3023423099472847062852857308232825576468
4827452039467256112367876489486383106225
6958141784618431280859142027090257679426
2448044580689856904871345809133698710571
7527918524947223491921794416727881971175
3351376138759900288237130344389239711704
9659170200467071464549917953382362211111
6984371645047424070198860049682238482217
5440439731012592101891683893628322104292
4379152490385360946250274668668691725990
7276706524720992294423321707641387459251
8737155091406336049751689557938381535055
3867773705902553177865938953791700372581
8629575786251484583062733210734039328903
8076547390862561004401232778525769141642
4354395015389197955274601110447630043061
9613812562736019766892958310076621693186
9060006359345585304029682312115698066553
8621454378509351104470170161456657844725
3707796428578395899862892361189340796414
1349314774729308884044152834952815379425
6359359319530698404929010316581533035592
8704919775520918623962191355038337660140