
3879901152038475264718092001925364356697183960791575368958194857858110902232672802202172962353977313
2694492069159248321000218382012794161321039931577648147311247356699001774564047717599598086459204899
2870013294354637486910816455260798694031040750691987470521503047201114660686053258309157561291677766
2174699627442437521842307102333465069748091061120344052667883910110223540596171809960559733473784581
5532132071925193126615833087923754562490656989881935633107144746253410302676229096836787048453497258
1926405915736828973134709423290067625159610571577468662116484810015213248728995011228354957687488950
6112033437584991264829591041826484434714744430937867556852919518053131466231333429741912204014843662
0575409276881127797189924687363608374482515373906505986033473937532647589063254390519263746566973859
8021520394954657688990512233743546176819071604239046164689409081738914453709351638395113487517583124
3835589140674601064023140618496271978405724592718269435962524528473467912800692668113175274603356432
6930142744333209422073044500802322380363403140416711037571170168562891800493709172132728799071529367
6899302182231435065788794744607460115739658144824899145311678802747473730669891578564790769892969359
1392719794889819306373099964112033371558082239971122967442835616457010521871961190643321867119703122
9384052617581940610203845516770879706152031425266778190856151016289994717985934024882961946035215587
7650118740561849951427094876007811472721139281246280903758244604996348545792358633865956736252444679
5012158511734309771232153709786201739193705133847596273839102102737485365708204192930485065769775045
2289101115680880793302174894941529160150747553492473440250457081731299418650116168906477974643055696
2017835534320431782385868582106697817225480149032888380337061897417476472929537003546576375001028374
6556375081722394954697784928679760018375925820090650497121880493526112668536576488519840058964712972
9109869789309406419703589996534960955791868170790383641440363245645410926001623354158647489990716283
7465069708803182537405363788491784434815111838567199428410491973478769411894941237558835636252309548
3640641033588160738094473479128911021577010701563703331625169298871604699889761905830734738640402486
9699207171531231603061324314351657281920918233349586772849603162030485669738097492865427856477987982
3923794388123019481690410034433543381030659433357330286310560217712198212701538895114250197736174441
8667259172661701394870262924793996121347919982326563677800414263748566574829507162835415563778899031
0253043516171829026561867473694910893741560433365202600018722599485605975050741784230282541133846727
9732506928454694834822887358798518106554671143918759004931878308100379012694737211285604550051559536
3530111293848556072839107142637405165799207162130437297457664364002997517973088437832049494191740210
5622517121613732545745221934354899673030971521918776962658222257276490420432631303319186098585937058
9369862071924394251637483900811213848526573889904122132475868758694334714486465763738251893407735439
7191801144669082888265227137900290965822597203667998470879525289780644549400005810286626981753589003
2618431193391139908752873403419746307122133435362778891021721374057617686970819273540587783973980027
2130870639603100003863346361350050594503043776695234451752811654591409941182529508615302396473321132
5846956196275201836785695398572537105714488805805646338796995994680451201626308172732485361718598011
5283572809708192734487888946994621298939843463483104210295405994095067149411883796702821382206623089
4152152425167717358340223292079355726154741300604825248719183789467331779916338351001226801586569867
7355182380112263918586602182331185461778405172931147942831353675479298369313389685847069412792296195
1163323356716346597091285104900651023609329273751530977779666229044790626324703068155173171988785900
5978299006758677042725043103650360713263147526674849400142636455468748490001824306171859807919380998
7441973743206027080280218206232397839356564489515918228013528107638143692117867834932144508513269996
1138725285970889184081722334353677084910219263745526075819901182434485166758795132962543705208775013
5604745326072273992192512219862021436072879557960159701640060082903651856824436051953464486884451745
3708534498381552995741931881102765193679947727796985189364044338263210814243070879037437794061924317
6823889761101716595031809041606993049786292261167434311202917382991352516261562782830877354720378476
6307568919340814616036264041520344959687489950237435863738297011121324750687388980452556352069884918
6491977521205032120741726663430773537444714550493522389270301157063392614701634997961174307546712775
7742671965681081426344753889505162633485867708298041424314656697886908565530668899147139558330249819
4124308565720554907746001197808668193534475998065078018717112392638164728040276894866439439834179225
2673665282341679909201937389578877122225079998126173215330111253347526178819203132439495960718598071
1283441586676829355076981974917925931024681901541095617594106726104187504698492514979918964018512717
5113626331345230209718345614092368146742250613061986335282440679005215559173334937126577693842218371
4380817203549768595001729357980920615213540556971809121501860493196970997731365443164232606075996507
7372725407369747324868921833277153698059110793388033197176847322111896212540712263845586081031422344
1596575819409465160768396097200738633563783801346936419819549152858929653453435319006169315217491150
4652648083783995462645718741148649218311260350966761730842867256572877203132236405366738597001723397
6889002102239748097304810466560783331251390437831514597141509194060042753211471500009273270699582788
0992423919851424842060488686083511678063862798730123699539992500849341976660518223441546277809001152
0354076869102162137457188956941256042788795369932872407968103031308553058338105065844314611573502602
5721516871575103387584427069025697512916443692233731420573979860014203643556471859005152130455976819
7021027367089965425811776204013471083337184493032586777086216618102135909815716834275639813900265771
8263799294551317752391882282532062998459878080224714796962282115668948635833163710905011629354453647
7869209122135788596051022354851697380970282708291970918435816670552647938959230841828976673303742727
2901174632517545401530181470138881121203715306877394891695613918718152977688581492828001724314253627
1849700112534445760728807102239465163748899731651692050055549210583117313853186751875134942415770484
5702255329630930881779905653006486436740815498514249637128140239484816952201997299210085935336517205
8033376611353579080009907142733425661768094021127364858637586910314293944556274899563053946154707806
4495640017184717690039978432957865091828070173556321462513881723216668157912323049526417832153167251
7296904232777113271417148869628935916546981325663089892371012083346566972839909152635860618263276889
7940919497232299904586678389896358517219767755967344799142298354840301871344199689789141066638626864
3820101152534417289980313253041516976819304113142718293856251076887994718980647859417470127195844067
3690615760361864574948165038111717618332331174220000277884168933086477221546432629368372321496508565
3143330907288772375968020163811350017253749778393061923354458687689960815263678819471790239138898846
0524677331092104254526805193762418990845123180257646631343311712522742832638457134796016388830539954
4387017736995402793934093460373163002152739768998071323374870889805172732728091070679535734708166694
5613384863904154641773117169411221235912773749592044050981013509210354331149014027276071127344553748
2950518203648758290023546738698977004910116558682099431267581496842543995433445230355011364943828951
2680410158509487671603963061837534326111485395360715628096872112159881698398324858972167894290417293
8497181990313273547798597001624354374905405843451418333082918072683484017641733053168923673499576079
7418821787351761798532449899067937162401224641119742631614989946347645401261608520712157185423824749
1399303132632455477859408142130406479819401142738485864708991777113307459278409765691610398423926368
4372357349248189125179069749003466612723280936787319614049639346027563141011628354952677485940616243
7405869738290081129334750687688904624092657964921685796385207751219563705719160146174459154729681526
4244782105290282283066042313912204512568398334405369305217112160271637168036590438140313872861409453
2066184347886517182071720354656647886081525364758697186920711243545788201893698536981429613771228345
1976598171710289555841620037676568824948591014569781132455962003068817507419538725144304124811754172
9473409050954720165468381623396978726707113021126354959677984990012213440586684980413203340546584790
5490460467963283748827289633983222284445108280317102694618018221109699676583596397712843988712915995
9560617149880280640576954043974969737093813094992504377997101182233415366788295021527394651617083980
1132231457783932727796547733951401780065329772436622114787099931224406178795740510598918408200730541
2886641660761403991330203502952858590453141298253577814366193471337857062933932714619931404031829324
8567080900110233341556579840219244451607689849896071827457140063486812110703455805052972451131161291
1318065459344932306094148690825820661841976991998216272606185459720113507555189003877957109247836647
3840836560219283046597388071623324375839008192332437489997077073313899726168661534177344516806492164
9530115306947829685592912037566663732331473272133688755164890086585830787254034741676639145289195250
1429444067119342794011527364955627785930113223147526170859808162632425865738594706144015680007936544
3326025127179949113244462717156465703989880012903305160128969466408922867473995370800592055878089914
8328082545570113968934116716091323477451197190067081122364753687084970514213546526076809209182239465
4657785930686309859582661804999107313203751906599121516289350668219210070705189279182900648783440506
7023169827407492170453079584631492383175417270526516542300509053833557500654283816431929582257176110
0102738405987990611253440526870889904192135455668738496164556432631310699504337058246067870196595142