
1225813294382212865167213938757074885066
3769948410660123456789012345678901234567
8974040179514289437824433699586706826393
2861748890339052941037587782971264252366
5002816104316190145678912345670123456789
8400724386632633014780319019127013829276
5599829132343190936870105827701234567890
1234567890123456789174815657286338654091
7291513223064376904814061269223551077962
9470234008885137498890989026567475413531
2345612346012456781724141496845378433567
0616870150850158423976919067123924553753
1822302949702749925983867001234567890123
4567890123456789007265537866664388301905
4191270138292742655991157682943190936870
1058277012345678901234589012345678921213
9985370775799470341581484186646055335725
9692621208383087495097004609162768352183
8610214012345678901234567890123456789764
7623487869832284856502011296821065297539
3718381955011982604503186759930314404901
2356780123567890123567899709015880932784
6104942050169329160118776360724170671258
1828768716293012345678901234567890123456
7898957031684156427813434720501923235578