
9860817713231420078464938472563696322469
0255133978722579821313012345678901234567
8901234567891265307041436723121296013027
5762919060602061584301544857578348852971
3810759694779934438620123456789012345678
9012345678908395526849171235969111295681
2077582989046713456036870427475434281512
0256430003357064886346998277101234567890
1234567801234567821725080278836027661288
7747737454338411974373302556635259984106
0968856119892355942193920604001234789012
3789012347897303187640268328120710445806
2315185940758838926253173919960392814352
9258950124560123456712345104566344281064
9723392093391523778402402478070693286057
5108167297958626281750113849186890123456
7890123478901789989841773376661901763217
1391768414369614472440123456789012345690
1234781351772148344397412359160100287114
0473680374069265869040619209513769302201
2345678901234567890123456789217250802788
3060276612887747737454338454119743733025
5631525998410609688561198923559421949139
2060406012345678901234567890123456789380
7107556901008343150095349376924572649494