
7700139156688451877635861492974851636200050021798293122315157749894731716900273374082613582086422110
3190368203884970477223046595924815849686161759811802215246852304473944705095691001523374051687581920
0132732506172879700112734445066778494047007768031090853533580801980459962188106203690401425599188934
9390638374170011492102078951909662400378096472551656154667712414822672799133217418363377200945660781
0348327682860207280720514243047556577819907142939447380900914233178819708556795033136909853664044229
7638177991757266135430947166942936552162362607584831486327876120602512383433413822099905327624686225
4447114296100021623334255687980920913273566718890061825394154637189975944857645747137928580311151882
7744528684757518162434341188777505315853267313025286396956850593934871169576580109277698231784771069
9010934789732082203100715014603120443779524006421602829989301162133455267768901112831425069738601132
2354357611474430761451041336825334482798368918432242681428058635505220415112199668119261204645923981
5573294397310893586149457570410159884206909475863560037108966775894340935124108429279362761584574947
0091128304362798908142038405968788693001526354157617588906046794734672636478799282287550626041719269
8658214251103665228947157319035873287119756570611179089226502665201361986697255979132003012024290743
7296859467795750630405567798792011927307204367682906004430081678972709501409093764200315055318898222
6059370361630676821122961042326809953126486040107172631445262758802182737415362798492051620317387954
6999880365942313261675551117487475071365221386665787301100718699835144076348468242597165093182921789
1759790130580907005308813440537632006113116099004172836475167728496021542556674849509142636475160778
7926389728268041478532414763102511966591323012631418535306857979832397095344316743691659706996204651
6825410051001965194032311419662829321041926374456637187900112213448556477869602102831445166778190116
2839594011726414239774049450734895582251679315289545891215713196422133517866643954992210604484368270
1218708608072921794296673616187744897201134310559528903337198770726729316306874860330593369021728314
0516879859508132439435569728498011720324352697787936906810226367796427016961173104101034216795178143
7373712689373493408235920680980954634584281150963403563363981104378517024250102127773945197879067898
4243469122295889159275520612244814562551620394481061727394059607882970615203947516488965805351266834
9107161586741257787364131497527530315992138203050567682409991711497873842826338856904110066293182960
9712831435159278951456269637796128324122869573147799045559605122939425665748891081721314355677782920
6112537405060708481747208153971502083047959919767079542181055885081693727102433853824625861822679458
6110858329448169129109768729966107238897124906257847052359305557014611407943038474707614627324309072
7091321394274829400182437495762788105192332679160159194964419205502086908811708981929232159271140731
8739663333516030252686689021723314252637586980916223443546276839503112536416776800255018808269346781
9921871184403034118705477143931321967947248310725608716559908686335348318407324230705197073809968858
3203724978854296221498242635104132035495361758995041426344957617686970032495267738892907057239803135
3878305933925718045425793681403415830974228055109186392332096156600181684044074736907713758422241138
1345668750962721125568819923583218881721778912706112737475962778490051428374257637787960817293246546
7758091275815674930969006917312654232632625010183225495836153760803401770433329214371624571737327069
1895865453589228436879858890754487810381577996228099310703885033692156146352211886617565862560619273
4405468748094041127364450647782021424354652637685295113684339909103967313624536652621078428589685685
4034110714730411539764778760093845966493486268135899658844332137195622175373590154331998821198267475
6175652615904192332457688920819243041556772819808122232556477899936533921923822184530271937967829172
8839414868177060979798377671448601425580603388541491384675890030209387911622063610941584217398262379
0985375895961457965232908994900132331417087990119273442586370870716748698699066179699948412421020925
4360945911473168978610884110690162351437273287355271549473107038552467788837897683910729364333728610
8688608102137495366718194021929344959667381091722364757647682955420801878224010431344986181455431728
6423231586873006216688771001956640206631954804629339476649618920261711120329927435659347315872629370
9299545937602022371469192238699118738893368760140090611233846536474839707102533455168798592021524364
7526375859317084760324341278414086947977321343391290795313090175527381767773870834104294707294473800
9760860933722408869045178571103841564782795769451615828602780157556547932550819113183489446501480618
0980015273244586372809601172630465765758296001928304556677285499340209147578909395352117086415270243
1657578766508160567555929903215478877308724605023749579911504809178075600388149682909411339190497021
0223443576577879508174455697585960219455764788999720667047034896571183577987542086946915164592191845
3115731934655673845870265488216314905149720397324581577288077091490674595291121367809291336513242782
4578618638850670885994895206002152532465169790014233046586275809305182734495969778194717700470833148
7982112886455447230411586659610495409143169498396852411057723565363626833363014742521782031658654184
6910952096783870484213996483374127563964322959222028940984205721331269901172632899700102935475463738
3001422336672829800329054608742951073112930519766991528077826928297037514330036638572429275578017521
2210026433605060137587067959987217575140016203157647683910614253446526771849804166572839104576780313
7359597506343467507329665971356296663728613637882811789337318227611560492843018874018463991781903723
9061328394853627584970014253041536373889406172830464451696330492380110568439774253139939431329413582
9381767753970834102214309254970820473026098372643836203160184136978229575985483926858256925891578585
1733202101634864498521985911427125664780310293358647008182230115260789382710827394436865813572131021
9226431097021601708599496813219794872440107626127623470724145338999630393563717387227159610521276438
9651427156804102238768294031423677383930411203979547578773117922410695674178961951303163567809451261
8775169636132127826243882180364848401892133954337721871914827929772113896071127334979829205102033798
5910143596675849929287564417038504119880771202818737493974561797255485301940725385664128466066288808
2443783123060924115766793373870461190100663091025384153647504172237415164798598031620324059697081941
3784883185261577021816536368864534306961271259213342125320660403473649309821549066018226396232630515
3190072759565487807223444060087868357173577449687889300928899092163546677735642103606172732435261798
5930619223244596471859107102438465463788099374010460784684852490874857770950849714129045684818840047
9193654351060593880773015608952972327039121466453217433133760652819206908777845714384942795501450863
3536807939232151103142435408791031121374258607905172031427984900752658939920422303831939855604645285
0447106389962867596155122663448064812685910246069718881198435771628740470081850085926840243948430158
8229596514786225871194830997415226908750312283569708818203147768290071720304859677787901820635139042
1807507356448164138667121329212271121926407193207255472259216970967016201280465135485473602194085884
6527852748138458084552890741834891404715192609045717392935681374745342000172632435161708109182130497
1879600122435456776088073839516465116687131259102566076399692388710253056065048003048767091463573682
4115788426378032194334246851522243217783941571898881015092477668624874740262182010816253942536377820
7132734445262728093031525304355687886910751319508223233389298596947213191648373941753226230410640176
7419062541229606075831083387818247110560053249388341082905123694489255146167116423291102961067631061
7233247667680940013203046546571859309132632475565718795058570829695011943591369713824980852687938979
2308117219162305609554202384173769518453578652318535506520981466822851325293017364152119782131154012
4788566822780434524248101001829366279830119213544576676849508182336445269718395178664164396387577971
7874878272801568662140747711029156570383860576729887669869298583377006794031012302911090617283440546
0748898071022354450627989910715213941526477899272575411989375160391005279107626283460840489322208970
3631971578438447461623023314689827213068674795695208352324563161046515608458472469829336941234813564
5240748856410903724020725536896376034600514213244576771819102122134415468728294031329344057666884233
3728962648105147211743409202809205142166850182409223840873488573569569685107590394419753896617644923
1009065046710075989762752130316069946507203251497617849868854031123384057627007152338425864768702122
3334856697487960079017387380404535837828610864392691884082976374419275396859656403432447390061398132
5799913006625450939426268556870174049256428911451351744856631710657637415378427642962462974847901122
1314358617702172136405379829403132234495964176207152742714640440935897454832713793254529714271639836
4419643912907004843632657560229658216159521687865648873373706557806217274820134533366001822347589021
5243642536009182731779310784989156137346553941432300561433272649283124804676896272937017325223144010
0855914307147908680900390899303216375487757001122384653647681990218203549546870800211233348516386394
3788060314003927513973083417637089590611240564665230560171915712778512097405383412491790903715016147
8656363822327787246012845265502393236188119075396639282568705390989399507122536445166728195798398021
0485169758691442760151876865030780105216794898498967477231513098993251378290068825207334137916000629
1031521394151627788980016263148556875830912273443536593590568879147159355320483911545055459746709176
4829851457964098016707418352539134927070947684393308944782755623968916036202242602255511532329521597
0968827183317330617253848536678819209162135495760748109122431475367738990242171694301568105753053491
6810957227623326227147570931526617452430414199383052000395766128163436601902267473499370908552450848