
3739644170935827477857966682585126016084335106513980412223047536274819303162232405563950013283299089
1029136247985466817024203510613352493196106191181064677706130680477464018843176149639840717263140546
1778993091120314551809007132236465488918038417088673643039377159734884174310495651343574567210769241
0171313792746765428904858844928065912167069626287265023227979430121412051083239371080936015065995835
3855159810538078838926430061721377081900617263945788996051428374476839914061528707530212536921870995
9772794611831753896898281868542772214978374858800719454016787296105182235435660728698001424314252697
2849701162731415160798590059196869289461273733956130708287479832704102767373570363441696862439919590
0948920040219756637231772426732183094187361864230190293691973524745772682438989438996870610243246576
0728998091226394256667683920014223949596275889411094151666532484521841802684496722632349424089135319
5175621341967783675814907204506204377810179096790362744065173531801861262732291759753839767502861278
6127954557531580219103582409548531884618693031621344456729108172737425269798795081041758994821902935
7748664930640149036894148740919992183708399610262525630373547984401681900016723101839257275876007210
9306688761756959239762544994635662048117225091428314553697288990115263670839201112137415065788691089
7556248189039804541790414992587718859926406653531309592801942076911060162271914382771717208700937678
9254391473064585495411275091320314554647885980314233342596477820610283045586071896324781350622155015
6402302820712243640556479817818797104134847435273479475216737934399068176940761340345663675819733148
8432096822386675225669869063068341223520131756617555996880294021322344676879907132507165217349502977
9153868962847767041338333781417789536981267493593841606152838415181950815243440518591091324374257697
8829736209837241849555927372910389970251999178181778219060464715109631114225909788742451982569109367
5176028616717378199915996357251612923089449051526314356627283931741780218263542516574899331771407765
8566716020288344938149252354798349120415513634897469541142655801929994138852828152614103495308471007
9488783540864633876679794448910051525314652607282970915253170809408152234778394168460741417433379758
5923168073062457258670631883616145397049666281175929785696589842267302894003354823753845275720711203
8465961748496031922364555617483910110213449556775899815896179257719194635798391396204354088415579530
8369821823914135792433302480792679326221174935114129880689407010614884781812368382193214503950031744
6588935528254407864502624207171095111573107182655607981940414213045506576800614273547536372869928157
5245702870321758589370866072472616218288283737549727332734651473330894659451912937045357330360626555
7653119502158999781451805620793698686576718129085952636515598442318924894183490220668034503620318243
0446388112037415962779511263544546072846561072039734172129019741846060512785679103938311761917647390
3256907899946315942871657086269363288164376537028200005777193589380986989213466172893215723254685426
3530316223641596278809301182336465668788690051521374953667682976420721458682650035741210282117212893
6867714717100134640425171494799732760553190493390088876990262380741623770091146828912239131108347289
5882485636299209564055531396030192759003376105954928900990615243641516876829308172437497582900512213
9405764798194967346145485810690312279881562130447503591473949270259011139219510690817188800407171613
3690577375643224111853978140167731626528110933185268886711178912007132739465864718096061228304550617
3051724314350687186867047727537938010508226794826664454518166454643138876545910819736613633292361959
1655659303987146757628513947164853178447009920101347191370127021802180042051708427991220265266329229
5940611243749546274849306142636405567790416293945516173899373493988591883512088681699234706949637771
1884249257856865433282904518367024707378311003400417443912599192015711764703532632484766448958483289
4615052935637704631670401446562940611123021190809172435487486930713253345596970869206132739415477819
4856153016186904013985436034488971840015858490673650910720366829059487069018312717510302739134721080
6449936884775255267336596693524274262545317343495788078212157719181211330163907132239465363748899061
7223341738498021422364179829277777438003415807069420229628936101174731561054567494106682534193460875
9904809725288873373889826523819793196199596670494463074004016453353430528168897460813273143506073899
5011924324751687081990814213444526772859022227765420857860978325446148107552975203912707696961229446
8707957405801101797062608335764128863406801694633943308035227508781879444288786505075103161994814397
7659232397541129917026306152633417082910113233376829606102633708297198763752778121443367977859938660
6376710804353309322853812125390074843089364942226147491541815918968629807070611844164898329613821902
5930835744456883659885949716354232975790658593302122130425564738293051828314959677581990517293646637
8829063257818576726098116711289358772117979021844417549469076296258389747389208817795083401416435770
1194981811320923988928329866053276628680558383561302179605390850093091928304254697589930812223148546
5778292011222354159687382949287635294223644348650175426330619231534216355390774436946045993908937127
6427666530661652209623675734548389421869268019853328184741447004881552133950571261096115212794089621
8201467888504142736407684950119293743788296021320357183921911744883195177298362393789619515742511581
0342125300264413774659306461841006311286994292731077622922338450905867684079782990428031024324251637
5809309112237415067738399081323394450617683975483734171793187833616538522736886674344411684819711292
1659892655350363685801394746582307047720391327097350221041300140649071209457992200666246322239997011
0253848506170869406102139465768798696150090537054168467910249189835864248710810247085295897610363515
0323933968619430064110409612614123729757487867688426409710537617514563372234399413264262653399940137
1225405112631435866778308142832485060778891031426384453697807760474863200025557378083138641926019870
9267932982857965243083039457591031896162071991303692748023955696258667612494323692390155750543118418
2693971019152687015328921652363432777807712061029374753677784990112203249546677839806192734485969708
4949473542894051354868408943427768745671103455433980556051760933112650810168106447977643150626634138
8375069765620741710982483823935051724334754667489940715213649506475819906122039415164788196090472274
4296753513170806669493125613487031447596041768601321555491392122974001537892098759540295381685456979
9148620951937453514019260396587710711095483257774091427354150607083920613263846576874809506132134485
2657389915877727601400832118094241486655445733048178867981546525469041938644489928153261705702258566
7666234383810762322792536648257134095015304618687058828359747377016726896452891902906815004469147067
5133527990615213847586170869809192834465760728290051328376279839186420803702748296052593576816065413
5276269414633828735091941778109341992045442189310227407113289249726717497980442265285685953919016125
4796585219411312536423311990698586731618273061909568023757109192735475565748498041322354957607888970
7112438798194059153526893899488737339511606242775892801142065393573373842636468155108832301107661382
1187339163297127566804630154636619266164829237694534086864293048493890534425568738693110711263442778
5940319253648536879829208897481939606194658186627966971369592338514239664335901554031427476941748387
9672318505402550282476379022849801828253216386245946053189888121359032375896663872182424824248704091
7263240576008122431495863728404122967798396062415675590375502741113523203759663126575499255759487516
8274385185297212481086341333812224413926490384204319309207312150976622128716600659947804933337782055
3893807608834708153188406152133417284900511203349556079839002172932487789987828909187430630534433324
4616652581872804157753059243165627775021405106433154570308463212559981876957797921104839633864563174
7003269438813301402910718213357698991011322334071809800182437487296202071624901800657247426356723167
8719799102244687177594652071619962702351240086949369430010355208983828254587712421936839735784217170
0600610223048566379829402102033447588900218273842748699060811001153344226434607036997676456763521203
0454991124700767253672537114049009514833537773799858545727666241195827481842137953734545206799354056
7461716268019550416273648526172809604172136495366778692021925354052639464474635602831488176846692813
6242082452300151628986781192402615821725038963076163881199756011111972966064856615100351081619034041
4074777352865564174937104112132415763718092081526374951677102192538445161007656038146178880153518970
9434508752595807422477485953514496622287686604995279234553560600121247347995615296111803759020660156
1986970151473132441526071859706132831475968708099011326354759657180991233519748167672241742852796358
2504381809734972055764411223195186407172188581215805466467831628508317844006698296352629507430365149
3250394571938706791477472603109556526240518758098091227384654620714819387411184861334138633390796439
9827682127781775911625204975009221986070312606477101170071427374953687881920114243741566772880819263
3415861738496750342056343353446857983619388382229874126001511229669821229190568963473148637891091529
6802466054256053214806370569295310930184348074794266757427696710818314154657786051222394173869702142
1344470880753678736960824303132969056624642287007389161867730410143146976854098655863647687821684327
5711456025523443519822095975926684245187618413099781321680475310916253249506278899501142237445066708
7950016263241546572839477450648091774995711472184914131157481254033619092558969770264872964329138298
0681870488680990733309100562056069444140939725189767189209879182065482457243763645201037254298913621
5094333126017900119243549526374899206142036435065798799081027394856637382530168859147139002468291134
0095318554204736901137906678191584973610289147170103320301502027884479638804871275863346190426491002
3585310363591728472272859789322193601182539405568718594001520354555607285990415213341516174809885995