
4997119078348638096210106238907234552854
6667918215347940001234567890123456789012
3456901315124924680119266874297021036012
3456789012345678901234567898659702343851
5230121326530727464059989531747654006620
6377443928960953887140485239019151748621
6880123478901234678901234789145330954308
4670771691362382389588717110342647427429
2792106534859690630816001234567012347890
1234725164399097164362098657001743241376
4777984382835805471317962091733916439821
8641556501234567890123456789012345678969
7023438513012132072640599895317470066637
4289871404852390191517612168012345678901
2345678012356781045663442810649729209339
1523167378402402478070693248605751081672
9795652628175573501138494518689012345678
9012345678901234567893532932145523213972
1289188781006778750615746125079903448418
6590003716460454138639959378564762209401
2345678901234567890123456789642647554729
3938209560106535380034153083062781713854
2097674162671980694996237192253780123478
9012347890178989261354826434592039497387
4498582662313273190113507815146004916690