
5041921314353617286940911243273869056076187939859330749809414460456100171630211790267839046746807831
5717116302931104920020271864163459133854774285867346199603728294464970929515912323591762822507497832
1183610310017273046526471899307102035465863758091031223364750627985921144564125393905965741340480436
8760975721168941522903967203543658954742734891928791874131102394921684774492572442197287692238165110
2645831519274448158956799370906623907548094128712610301182039405061778192051227354971839603112635768
3958576113175552587097750900892481616518340558362392115213287372469724281138406593092471294261890667
9980144671570358471259567598836970757110792373241627557402636404260000316223141546472879205142832415
4607984980110223244586577889747320868616894090415475374985863869918358659725085110918670930889678475
9267459231639225680771987099462851415517364325644044672433800322982370110233843576477859703162434475
9690714273675845527115685840799297787426917064257071037650615178503477578693861097130564424431776036
0711494348221870810763775889004152239495067718022041127397281958819831657427030411791185750660412344
6809587035459671961383912777023114256096289233691433077177364954427909844912493041626374266718904142
1364675870514284773849586734671743398818631135284297148296413425256806249494515847959591583991838652
7276097946053573936831765576582179273678537784073063971953609280916001900421703447598200862276129269
7950815243947566776859706192335435863728495021424317180968194491896553301438342075518534605726601147
9006686945240756509861975751130203816462648814471223964956239262743649702295450143632975370958320183
0123400172939425867798992001424394357657186930412253741778192324018436564793130211099467635544691131
1051446660120822113795302062907699129347960948779869522239888644442460707820883686686511878368950003
2667835143594541154097125794036177563011424364757697284980711233546506373829009122939465266768292067
2869096031149581066723423900450647431939931871728996272506739590858490532487415463779662216545305520
5884269710231871827263237687538449464551193861417540427758069668720884844232382050010213347536176839
0071224374150637987950118263343537181968997507306381661864610716451674825738416334532457124005806119
3213424345856768940949474161373833244876436870795652304140561263485950275293440525529835244676466709
6188521152069523141769246010555920411243042576277839002112834415961758996011728377888976824741850692
8520054432105851472148634817513717900194048485171424492732469513294433692068875663804466734770616162
0973613829287295622649763005031306233500734756414525195860794091325334651677784930010203646758194081
9263150647887960107150510223801639768665920961542975371566773361247183238753798868882848145712219958
2799737310679524110132964135901142330425364750012273747566573819907182034435167958021639362129193994
4423980144812279303439612704641148376620288178227662710245149566072755131042121267036532410424134060
5847031127695603531015469638576315902112838405565778096091823344355657188900216273747778194865170915
9088132574780380024190920588889583306444812691633063462943677459278019144843922717899587469448896669
4421920036412186745819163456051012206546752081928137888124830278922789536930213253444596579839408102
2394557627781073544536472819761093147194402826700778778799304409395760751825794848779506654398619678
2599221220994234973331937656026132463082422711939744488952394526686070497191005112935536492061120394
3536371870011293541586373871701185034484107026897646356414443037193517233164841089894621180308784878
5884479791998807087963736585906719052675103691144131328872561105209102836425362758298061920311953697
8810113243040536877879064432168407559554772819625963496338822099884045362031209225533543888070459403
6401956340282310467207214168718741036844329089972677543136189481628657916968000679749999767283679172
1513770860313263849566173829402152932445768738792011927364655647588976528695041220080127012883770117
1124940567649977728635532919802867296036737054467367601114886811021983915452894822984689524976631396
7301528500131115256978307990216293748546877809705192836495869758191031126374556627088926416999392494
8348510401626540799513909459117744543138170620488168123632901911721554654747854340225212671351543463
7010249729672868070906934177492663333130427690351636487733859833407162038748392073840718005142137475
1657589985015969074190298075397771734673023009408691377208736497667693827308599428488741801867777529
3263614164451520543817745962236674814244812501298352704092794356409182137425267758891011023314450647
0819103132333425762768491860757606106840422397697427311901576150401491376527218383833166095774935082
5512769008296453457468510549309634864831640715272222801001376729255998597638189273068102099889351286
8264582416156021220394256778504162733405363708490011529304475831161849691071026444437754941430734847
6548027137194181966251439896649974823444767255258032080026788187313637061847743923631568704307994737
1991760758609122930415661708796091629324551617785910414233141506773895111959171160897025396781073212
7346181098031270296016719765588344873646638899440781001857175599425374660101248535006438371439220366
7432249105248210844806414963129010429943869306703142330425563728592011829314157647783930513203040748
8900187399559678246981679162096629112131527801028027375518226918740607310660934678973004026754648208
7175112275667423902090434770360438681389090802878791703142338495664708398061825324556697389930813203
2495964738493652758622755197118833382721573144777246559359398008076300037780819122411660054393167305
1909705122330405169718996051221394878899703192738455166768990630776377119387693744107066394596897855
6125035908130490352653042870861468614324303119021377756127923807905159869401725381636563540106088008
2934992216305112739546272899300112443536975829903162537415261728496077356068547168687173312843974933
8069649400673412297837421768590361149635121202656617384755319614195299335593169640100205062499828794
2921507222637621889360339530201601564905933944756816274161374061921374358637780930415273246596176869
6011528304952677385911806455468633049422389120763479177223432912708953138991059223119657736798045032
9460123417185027103649132224487670718026771229073965884996864298919725352793756051314318542914658158
5678291011422384354647287910013213946596878810617273241546474819566643249258517076348937825303990333
5901759243914647031708845002140007984067303629532234588610752735811098511657927917991526658266016735
0567830510315123385130014253343576571899302102034435664768199041622304855667782927644767134928280381
3508528786718592369491385765751148894103269383426276461545134368917615166861396786883317997030334749
7360828041503100718084872922200632965262192950510273441546385930517394654647081950110273746566977819
0118063701335747491366704266840864951003796281811539743270048430293609725281574925513159869081486446
6808428683424982847099107333655804175692529737205591556330312273147556179860617417705194574839368832
1476383676273177809232908116056172905283848823172491876478030986973009060026815055655170514029844519
8740029164740926970418195081723357884001128354358608097091371906630359992511841235241769214572966397
4865613296965758189148834760000135308512288054239138425939051236054781295771124690808142138435962798
9960416293746738598061126374876859157159192059504539910792925323922069500691577540437407368623634864
8751707887959271810485351024881734793203766421527145725084082671094352200052850679537673765021223364
8617181920113223947571371840219223618778184557795580681365046803400291701295289855532024846196711350
2346690387298780649823621747297511751298891669570684012230164161670273861418264466353082103556254061
3291878871742322783297192339201112338485568778290011422314153667083910513283943798896070219031721735
6394842000068996166213446449017729452755569263111484107999262138133387732998283427273602112928372898
3253491077899086042151928842160135108112535485065718794081021334457667288900113263045596579809021217
5654907588101743258421988065820702039612912707990971920486472755543560616149390830324023556671781654
0620694286543339033070552245089818699473146278083701313356299451639877166963632714217941007610310203
6425561708091073048536371859507182038778697776608666262910001113391773780548115418753170315630137879
3221276445822874971198106623323970843794438495307002503172135405364778490001924374670879006122031748
8978068590866869949159908468691114206535842047461031670096983779788600482127678143116080172859137864
4712933699624254961565119353271882557749989271239031126314452667184990210223746526879819602192348637
6879531840971190779585863960311060488314031130695513243973974679227435477211761449248994116292717322
4914733892120221728896455196679221436765295348571547109754681883178659293498541180063680618263844677
3890114233345596377869800162538586579410272259845299280435781830835544631364961581872834053762334676
3797771630210061363563613467763242251901424227696769224054286760237864664144502336323024384183010069
5091124365760748108182232405864708103152636445363748297843372041472390192465322076021151517712644299
6790303785611186610882776440544205002301496151400689732008637956539061941536873839705172836425665728
4071221344158697489961965869991091821454330764344490838867055175880932554161968231333826744932000071
7662056580622870462881077931593256875696182764292281236310251567192730723779713366472870139513360011
3233969798091081622354053657505112835465560758994817541379882843815558429724521635725435469441972521
3303160986433351763536013973971477704960004377699250017001006450543769722016020219392061228314754677
6879900122736455362738700162830596674875142807247717038968487311854852172462665165721445751836846471
2837257581383991131633133242169949463333889176553688519977267863370427302910701337295380025061803100
6460413094072942704602267282993980112253740506472809909122936485863778592071223324859637780987841368
5561180562983651696204005929632787092198021785983523827210556826308430936801907340741774790269219255
8711371176172303368546028867661439088892491685658995837784531620200699802131430241804001727374058697