
3869645384523848150597410306299413680776890383778441298110665011727314050687689940619263944566172869
7091628364958687886917609670971368461751335799673410424500166479465269888593898883443095441806132086
0354903109323337492162157197922817700189066479829152537700823135136487628186687560484932362011625304
3586978839003142539455560718093051223314358607882917500610977318375123773937743072759096440978851155
1363145095843896436458500674685344009179728709218245212752985790714976341922012203175042719301622518
3146286526408889340972908102938485087920510293248516873869903192430425581552219762146104616459668864
1553874814636375406671665887000115864008252036117558140746398159776172633425251337130198325283420794
2989427871984388235627209430307172532485867728992001929324957687585950311203645566579859118876777191
5423079903662023966408763021011599346310241649415719059161498806166978687872077465987385646736759222
8287573190716213441576370859100162633465367708394031125314053627382903827903327144357522830271738947
7201710888179881204096970745403691719235509700441451083640801073276176745276448574917358762339896549
2377883506141746322210095470815293841576973859400102633495868778897091428374557677488901181697913174
9347771889032620238664388405073566507329928883619115195423503424408936498232615799759101490876765950
7080717804664808929623728480498033970445285375780544076622724757505541651340316253447566371859804122
6364056667688980512273048516379815021861879254612481744966287533070813939536670066418638870051557650
7875802661859864926309375679612970363761122319021425951317757351181272635092893429979070829794196902
4861451629588328330667406450602192737405362798592071429384252667681980811253644506274036946754436622
6324783798164918935282441825669580625021511256882112708639032953577138931805306141291822603455559033
5178667920239140340745540709078071021347989950813283545576774879800142236455168788102755103804413828
1143818813976973703964246047549218371294379849338154168592720245864788375571260409927923755306567030
6215662479728734299510324253069118930830531580100681766915139964056826878141671081121354178879903132
6364305152734708392115597609430520301799462126779769220468483076347132585711717097069021225354657667
4809016223546596778810412203049596179809382410401782361575934716565413923646041483685893008184058634
3778908341590059210207709153987259120767991442454836850999211117562911239263143361194336588710310085
2842379720216243141566274869008132637405264718394011521324557697387988076457379379687873217518628714
9266619505982664646401487705751148698193566363922226190996056513434871964821996746286317743780790060
4327497350528011109160141061002487293290664276921259491021422384357617789061326374452657683031220308
3734475749189391059804826624047178477515316971834673736242167929860565939328515716282377643750392050
9227096180312094303160147759328006220642227969908112431465668788307112531425461768198071128384255627
8859381364976856136440393771090388043723302984659486728026427151713187523432690485281462491770304775
5187168626981205121297975420820442238303113899563150455926197845887565982073204816833051228384765718
5071326334868758000152530496874828413722149144916489569834371814739316875006111618378081709845109661
5598941283790776992066432347656371788292837052398499374000724734292952085175964998332883460750845000
4172135415168718596061229314051637786970219203441901500053360144432279917231324900314390262279119960
8030016051543557687384670141502705291994879508431444430293440586875110516233447536371880317243249516
2700298580792839681481270763459190600051623693437794563686343901493558325080416786433231675391134951
7746186423117470954356497651273404578252855729658428684420288918107122038445960798990081325324755697
9879306122433415365728393712898452099844352828102315946383354127987445772286469717879081002116555562
0953118448985703186249511256656971427237691759398140798740758023887496118433262200942871432160091041
6243148516274849006152530425061708090031025374559699883470303772941256852543975816062473424656038898
5350018434070335346139715291338962879799844255489695258989213135977669117332932109803961302558127797
7001027304254677487980516233244586278899305192937465769748452288119722946134718489165874658387786483
6355666730167106887720916586305805401621253894523339671679315920469781320379427485550327650321483262
9350322984199022672409394228012566998823181386846020810203446586775809607142437415961798196001827334
5536073826404304111460482674153420173817275930542989472422103568054918587400377123752103816583786783
5106981599520200396294763532573371337696727112969082128721733754875438696229159115469893458698808059
0963517100618213346506378889406172438475560778693041628384353667189947554521297927218049700711377396
3890383312408920164117353883043776733293784954384857112028277729029324463151544535301418672479222336
0461022401050442107468061149536200200225268903862396402132339457102354871091124354758617387732248134
0154594628347553874884062780563156584750700096116582338927864991797016573215332102039082598449673040
1287440939526918636687804480300122731436275820110233743506575839906192239445567718717474727393706945
2493303854066790378791864991820983664263141638875213086182294568586761272171204374825624273482376432
9922574952785611708628159560256315891774980976095380600683405518897188718660700142438415060738499051
2304251627183960214243541526478849313414435370790564230058142067970689916279533612637416556283585102
0905289807011751414364744774528732598287395278767158759560655385997794383936791070360370354879719851
1010215223946576477860411223248546876849202172433436475808627679463199995914048338016481026530191449
9157848471889786608881080266324089119265349516079380924202476520030572615484432000084514374927388837
7996238157195613135160527630559638574365186370315273046576376889808112638445469798291011428394553667
5879500827484999205164056176470312992055067733197993887192394627353683154035345083749757190403577642
6155652055502637707219034434784132726391836647834926254169583131453082972836469854246202184090612233
1859803132143556179819605182737455765758297365131209735281744595727382814379779241824879219898477861
2090264757177516519527410285506779393013084468446148962599007060339721866402069680644564214318867339
5955395317669252907071225314359667380990619243540586178809403152237445997173451944218787328194788328
9249935815542858490443893215174401421315296156709140007278675205415158552614408447731688007377248036
4982064598768990747036410972808975310377469904683307470613900576929250117233549596774899301132934425
7687381920710223457667083869350740738114217786756644625708218364435762051031193293621355752768844929
8711710900172823389643983009865261908170764213484970773213541505225815748606466779219802119266751344
4799046090855910816253740596173859106132439415665718293071429324150617481990300170514257956394726474
9040567946165577734232732444796174101759678576722371546440895966218803138783296878199648785874879756
7211699807181807626273297323509779356655000691459004810182481256613500416233848516570819605172339425
0840319293646516379808169540568879046189308478197194908531148087067001879076487985478928568008112777
9143225381742240808708645644592358745762632649469372920456691002853551133389077857524209781211337163
8001729344858607886910114263447556579889505182935415066758996028331915251296883479712771029375990609
3151813239153668818250178705485289783721132475668073864807206412072745447394721871450172240380203023
1335879006181673241609493832971791801162132497282980911263741556174839503132932758498709356038032564
2872712062557868116621334073564983770449770049774779156776047889765934717220766187423406249625308231
7081222137583112888227692329204122039495860710718203772869203157888982957196748339091004934670208839
0877404044514411237604174720990894338813186598047137296260690137633850638871961413960195352675909102
8364353627005152135435065780711283147527446044605167559134726443317738823494232396067730122643299382
5851271023220934008337870757212132462442435656451745326821761100242311764139207172538495863728607112
2304959617680900614283148526872821900405567623843461109614892702334329821009937339113532937176779327
8402247807069326057510816729795896526281755735011384945186890123456789012345678901234789715625481718
3871770144444972654387906463701488129318429929605336312503761559901234567890123456789012345678968237
4686680171735022025415123483365993813793417396749709606105850109459719689285012345678901234567890123
4905683902333956442543968791526344164965126678818371270750015004831829952648254171439712607301234789
0123456789012345678970607373797402656529539834054634806481340192379125172870196412370213172168089160
1234567890123478901234567864264755478929393820507042653538003415308306271181713897674167517198069499
3719225378234567890123456701234567898105519041938477850655333981406100621132887846020368715993249465
3255941650123456789012345678901234567896426475547892939382098056010426555434153083062711817138542097
6741684751267198069499623719225378012345678012345678012345678921213998537077579947034144758148418664
6357259262120838308749509749162761861036214012347890123478901234567874318619240993779184758532205860
3810304749291217167336287649882965595374760046690113210012345678901234567890123456789420215965935071
1530796167495798562489228064331241589693403902711076227606948433781045830683785782346789012567890123
4568757338654093223064376922355072340051890896567535301234567890123456790123456789135941772148382938
5488975439257412360100287251185640473680376926586904061920951376948377630562201234567890123456789012
3456789566083794719171417571331697430252608481506634757220017795989683612952526248465012345678901234
5678901245678040175142843178243369958670626391748890305294103758778295512642523600752816104316190123
4567012346780123478922407354180527236217792467759918646092643908894713694176933741910601245678901234
5678901234567893293214552321397212891887067787506157461279903844186500371642660454138639959364762209
4012345678901234890123456789603414078779049405859884071353165387316859220924673136621260789295183568