
7611012347234567012786397193961724457001
6682772421610698396301234567890123456789
0123456789168990124437444038758217538525
1162138642625502806817919267668749213305
5803797027917803536012345678901234567890
1234789642647892939300104263530341530830
6178092671969499671253780124567890134567
8013478975519971005971722368320061758629
4887108775853461155072364124154204861902
5693636012345678901234567890123567810957
5186904193844701928782596065533398110610
0621132778878460207036871599372494362253
2559417201234567890123456789012345678910
1275344006966572344914079572314409961833
7398847762198788722393355079565141128261
5012345678901234567890123456788060023794
7191714001757133316971302608943548159066
3814752001789688236129520123456789012345
6789012345678974614099378475853220586038
1030474929571716656287649953743046611321
0012347890123456780123478908395526841712
3569111212077582986734687042775434281510
2335706863998277101789012345678012347897
8641938447019287826065333914061006211778
4607036871524943641726501234567890123456